0894
1036
0947
1119
1228
1574
2006
0263
0527
2212
0919
2424
0774
0098
1125
0855
1450
2346
0001
1249
1810
1078
0961
1971
0437
0184
0368
1636
2060
1916
1799
0340
0151
1239
0373
1056
0198
1400
0019
1087
0703
0562
0869
1152
0860
1887
0486
0736
1084
0975
0878
2402
0646
1688
2377
0676
0865
2469
1829
1319
1143
2460
0521
1975
1579
1603
0766
0502
2181
0874
1910
0526
0850
0782
1470
1547
1716
1015
2349
2456
1113
0150
1307
0716
1721
0108
0057
2260
2038
0845
1806
1760
2047
2438
1984
1289
1498
1227
0422
1933
0314
1218
2044
0145
0803
1321
2237
2114
0063
0252
2250
1276
1619
0596
0413
1978
1586
0988
1151
2084
1241
1601
0464
0616
2207
0674
1867
2232
0964
1172
2104
0231
0786
2022
1472
0238
0482
0383
1188
1504
2328
0982
1705
0257
0804
1699
0194
2334
1029
0790
0742
2300
2129
0751
0273
2355
0409
1941
0668
2027
1367
2175
2001
1332
1794
1627
1061
0769
2302
2259
0844
2339
1473
0179
1427
1396
1362
1672
0578
1283
2014
1667
0781
1477
0359
2148
2444
0797
2366
1683
1902
1637
0574
0772
2414
2131
1330
1542
0053
1459
0069
1214
0183
1445
1150
0223
0900
1993
2136
2398
0835
0602
1298
0980
0507
2498
1235
2470
1009
0319
0234
0032
1085
1647
1882
1977
2291
1196
0876
0911
0420
1880
2143
2164
1380
1786
0682
1277
0067
0533
0328
0221
1044
1744
2119
0199
1337
2478
2105
0725
1178
0480
0577
1370
1236
1373
0647
1182
2405
0089
2495
0127
0304
0496
0111
0071
2244
2401
1656
0259
0593
1356
1745
2112
1581
0358
1657
2443
0899
2417
0452
0299
2267
1389
1879
0866
0170
2015
0557
0282
0525
1403
0663
0243
0700
1673
2342
1785
0365
0689
2073
0040
1366
2227
0546
1271
0695
2466
0638
0384
0404
1634
1940
0421
1006
0391
1653
1735
1424
1527
2039
0729
0976
2423
0267
0294
1557
1219
1390
1439
1471
0177
1895
0567
0315
0172
0444
1731
1519
2095
0163
2340
0823
0834
1126
2439
0583
0168
0046
1402
1934
0629
2354
2111
0851
0212
2125
1499
0535
1863
1695
1339
1531
2472
1540
0438
0726
0895
1361
1441
0307
0152
0821
2335
1988
2483
0815
1508
0394
0704
1593
1062
1428
0115
0965
1488
0989
2166
1197
2020
1008
0008
0591
1097
2413
1132
1853
1807
1776
1991
0829
1751
1876
2202
0061
1911
0266
1643
0189
2477
1351
0395
2061
2451
0475
2223
1652
0428
0164
1572
1308
0607
1580
0910
1682
0388
1327
1209
1245
1668
1024
1997
0280
0470
1620
0324
0414
1165
2115
1558
0402
0070
0128
1045
0258
0613
2159
0948
1883
0060
0966
2400
0025
0926
2089
1156
1466
0776
1147
1835
1189
2273
0451
2213
2406
0938
1462
1808
0594
0200
1831
2233
1711
1202
0219
0971
1843
0364
0389
1452
0856
2171
1060
0347
2338
0997
1284
0514
0792
1089
0336
2155
0708
1381
1049
1258
2313
1270
1406
1344
2192
1734
1877
0902
0820
0180
1533
2393
1192
1446
2384
2324
0288
0080
0139
2072
1563
0545
0921
2110
0617
0417
2118
0305
0692
2352
1528
1291
1814
0392
1614
2054
1259
0944
2481
0206
1732
0167
1037
0476
2100
2492
0568
0118
1003
1360
0049
1950
2158
1890
2262
0242
2276
0861
1456
1041
1516
0140
0377
1338
1752
2372
0737
0264
1757
1834
1953
2292
1544
1158
0588
0400
2182
0696
0770
0753
2378
0529
1768
2336
2323
1819
1595
1608
0888
1096
1658
0156
1066
0849
0657
0433
2356
0498
1587
0990
2351
1854
1031
0014
1491
2197
1091
0763
0232
1357
2203
1303
2101
1718
1763
1161
1392
2296
2208
0634
2079
1968
2049
0354
2385
2016
1253
1345
2021
0759
2363
1103
1120
1157
2007
0190
0508
1858
1479
2307
0743
1582
1095
0017
0870
1871
2399
1107
0081
2102
0006
1848
2239
1122
0401
2177
1892
0600
0459
0819
0949
0587
0201
2484
1229
0914
1210
2286
1025
1507
1460
2449
0805
1979
1058
1512
1839
1407
1802
2176
2130
1797
0991
1079
1872
0321
1042
0492
2196
0174
0569
2330
0884
0901
1417
0471
0691
1254
2367
0915
0213
2304
0185
1294
1884
1322
1139
1114
0564
2283
1832
2463
0075
2067
0608
1184
1341
2229
2078
0793
0423
1623
0044
0225
1613
0348
1468
0625
0933
2491
2374
0320
2263
0123
1374
0195
0945
1030
0248
0052
0465
0643
1501
1292
1018
0007
0207
1847
1510
0669
2434
2268
0934
0913
0553
2359
1193
1145
0191
0295
0731
1108
0181
2317
0799
0690
1824
2282
1706
1180
2467
0099
0881
0343
0960
2329
1559
2151
2145
0641
1730
1554
1067
0309
0146
0656
2379
0283
0220
1032
0483
1689
1758
0445
0852
2373
0434
2116
0344
1885
2190
0515
1818
0311
0141
0575
2357
1053
1795
1740
0095
0912
1435
1924
1304
0836
0998
0360
1299
2091
1273
2011
0100
0268
2457
0644
0043
0871
0117
2149
1179
0023
2445
1969
1026
1648
1521
0705
1017
1701
0783
0654
2041
1569
1121
0216
0993
0760
2085
0957
2473
1616
0439
2204
1144
1278
2097
0105
2106
0882
0825
0798
2034
1726
0239
1907
0378
0762
1265
1057
2395
1736
2090
1315
1796
1352
0955
0202
1346
1918
0528
0274
1722
1801
2464
1622
2428
1928
2319
1309
2010
0041
0406
2243
0456
1952
1800
2024
0316
2150
0062
1237
1323
1944
0983
0331
2065
0973
0415
1166
0214
0738
1440
1082
0730
0427
0794
0678
2361
0039
1474
0450
1317
1778
2035
2234
1272
0396
2256
1725
2278
0920
0469
1896
2137
1076
1393
0441
1190
2274
1454
1605
0958
0323
1411
0284
0558
0504
0132
0153
2029
1684
1412
0840
0196
0889
0684
1621
1750
0732
2318
1830
0718
0520
1864
0624
0713
0560
0418
1290
0192
1051
0010
1936
2186
1500
1789
2348
0369
0880
0390
1943
2138
2264
1266
2144
1429
2499
1985
1759
0846
2450
1311
1216
0016
1609
2161
0407
0809
2127
0595
2277
2055
1604
2418
0296
1970
0355
1016
0034
0867
0102
1674
2293
0922
1845
1099
0839
1923
1912
0094
1068
0516
1425
1577
2167
1836
1457
0087
1011
2241
1211
0697
0491
0712
0230
1496
1942
0136
1453
0076
0747
0664
2028
0916
0059
1615
0255
0683
1964
1115
2432
2046
2298
1375
0872
1804
2389
2425
1358
1261
2490
0649
2440
1631
0337
2474
1353
2074
0962
0490
0547
0092
0954
0935
1638
2235
2253
1844
0027
1335
0291
1021
1649
1240
0970
1347
0711
1663
2107
1046
2121
2403
0977
1555
0349
1869
0261
1231
0335
1781
2132
2332
0788
1495
0972
0857
2435
2156
1576
0677
0374
1707
0154
0203
0477
0112
2452
1981
0639
1769
1514
1719
2350
0539
1764
1691
0110
1063
1990
0056
0853
1773
1475
1410
1324
2048
2325
1628
0604
0072
1803
1549
0571
0385
2441
1225
2269
1040
1771
1787
1198
0142
1080
1611
1596
0648
1127
0341
0540
1461
1822
1678
0472
1485
2331
1935
1162
0787
1791
1447
0157
0186
0235
2315
0685
1300
1700
1517
2139
2458
0403
1529
0073
0778
0721
1136
1594
1994
0499
0609
0011
0630
2429
1986
0226
1416
1713
1584
1696
1972
0290
0579
0262
0531
1610
1215
0563
1224
1104
1185
1865
1418
2407
0984
1931
0598
1109
0300
0727
0584
2086
1903
0129
0773
1368
0891
1929
1820
1137
1878
0903
1012
0698
2419
1747
1825
2218
1442
2431
2209
1537
0254
0275
0077
2214
1661
0356
0631
2198
0393
2308
2415
1301
0854
1086
0058
1181
0536
0147
1564
1840
0501
0091
0289
0329
1408
0675
1383
1741
1641
1123
0968
1715
1334
1205
2122
0505
0969
0119
2496
1702
1436
0301
1868
1954
0523
0710
1690
2245
1639
2217
0037
2141
0611
0830
1669
0106
1203
0509
2081
0862
0484
0279
2430
1821
1247
1513
1071
0589
1242
2194
0907
1522
1790
1642
1897
0361
0244
1989
2068
2500
2002
1267
0478
0302
0764
1524
1746
1720
0551
0777
0004
1404
0408
2368
0939
0928
2297
2486
1588
1714
2391
0665
0113
1160
0109
1481
0487
0826
1855
0554
1039
2124
1201
0940
2133
1398
0379
0586
1520
1965
0325
2096
0603
1090
1774
0208
0739
1659
1238
1783
1285
0942
1274
0614
2380
1260
2160
1548
0693
0158
0351
0597
0236
0755
0522
2184
1175
2193
0626
2392
0310
1128
0873
0012
2459
2480
1502
1602
0802
1583
2178
0811
0338
1755
1246
0454
1532
0107
0440
0541
2254
0446
2436
1562
1974
2173
1754
2411
1038
0816
1186
1697
0495
1866
1397
0312
0994
0375
2120
1431
1841
0812
0837
1692
0576
0978
2162
1409
1075
2287
2249
1937
0429
0832
2187
0055
1737
1958
0841
0066
0967
0297
1543
0466
0842
1328
2183
0366
1371
0745
0030
0330
0754
1809
2215
0013
0992
1279
0946
1004
1168
0892
0810
0031
0537
0148
0088
0048
2080
1305
1476
1134
1194
0768
1395
0542
0806
0245
1598
2382
0863
2165
1675
1913
1206
0367
1629
1561
1363
1220
1176
0801
0083
2042
2063
1199
1723
2468
1399
1645
1010
1703
0923
1174
0278
0831
1546
1624
0249
0381
1860
2226
2309
2152
0877
2075
1318
0548
0096
1421
0679
0741
2082
2386
0485
1413
0927
0038
2376
1633
0744
0494
0317
0222
1837
1999
1262
0435
2295
2390
1712
2023
2479
1463
0397
1310
1234
1255
1995
0005
1469
0453
0176
0585
1815
2485
2036
2113
2163
0197
2369
1230
0592
1826
1886
1050
0532
2057
0897
0285
1443
2453
2381
0161
1221
0941
0995
0555
1573
1033
1401
1430
1565
0165
0858
1775
0985
2103
0883
0218
1129
1946
0645
2231
1275
1753
0188
0357
2321
1589
2134
1980
1173
0169
0143
1545
0666
0265
2365
2040
1217
0951
1503
1792
1384
1870
0125
1432
1973
1000
0510
1571
0270
1148
1497
0175
1171
0570
2288
1509
2126
1560
0847
0817
2421
1901
2172
0619
2493
0800
2013
0748
1342
1765
1141
1670
1685
0658
0979
1133
1925
1518
1874
0896
1167
1153
1992
1530
0959
0709
0822
0635
2426
2294
1534
0917
0233
0227
2258
2018
2408
0411
2251
1387
1047
1904
2062
0651
0036
1976
1585
0432
1766
2031
1394
0681
0620
1805
2337
0051
0493
2475
0447
2004
0306
0350
1146
0121
0590
0193
1052
0460
1644
2344
0929
0082
0963
1733
1859
0114
0511
1059
0950
0237
1207
1630
1364
1098
1022
0707
1048
1966
0124
1681
1376
2420
1286
0269
0890
1251
0424
2169
2446
1998
2236
0474
1632
1092
2310
2092
0715
0090
0680
1385
1043
1961
0530
2345
2157
0050
0387
1949
2312
1541
1386
1020
2153
0241
1556
2056
1458
1996
2465
1742
0694
0572
1816
2387
1945
0318
0621
2188
1728
1312
0376
0256
1671
0565
1226
0448
0566
1444
0640
1550
0813
2088
0827
1354
2123
1449
1938
0462
0054
2050
1072
0187
0240
0047
1955
0795
2311
2482
2364
0182
2224
0734
1948
2071
1336
2314
0277
1828
2494
0714
0828
0144
2360
1660
0524
1597
1625
1355
0952
0672
2487
0500
1898
0924
1232
0807
2322
0779
1233
1551
2199
1651
0599
1881
0618
1117
1492
2219
1909
0292
0848
0909
1849
0345
0362
0131
0615
1112
2422
0303
1448
2362
1295
2279
0260
0749
1159
2008
0885
2012
0371
2201
1947
0814
0138
0431
2442
0512
1873
0271
1001
1850
1027
0134
1525
0461
2206
1379
1340
0573
0473
0605
1248
2301
2246
2343
0699
0706
0022
2265
1635
1055
0026
0217
2051
0518
0332
0468
2168
1293
1617
1708
0506
1654
1105
1490
0723
1111
1679
1269
1612
2240
0065
1915
1034
1365
0173
1779
1987
2017
1467
0339
0079
1862
1856
0003
1960
0386
0122
0045
1523
2146
2388
1005
0103
1348
0833
1665
0419
0211
1930
1526
1438
0322
1163
2069
1962
1727
1195
1064
0425
0326
0733
1288
0137
0627
1296
1650
1420
2284
0209
2043
2358
1478
0416
2117
1798
0622
0467
0228
0479
1489
2371
1140
2087
1422
0818
0380
0789
2257
0931
0650
0728
0943
1686
2189
1817
0757
1110
1570
2275
2396
0276
1455
1256
1169
1861
1482
0886
0538
0740
1833
0251
1607
2030
1599
0009
2341
2326
0662
2026
1023
1640
1187
0015
0293
2261
2375
1325
0436
1281
1568
2179
0159
2128
1666
0887
1982
0286
0549
1919
0298
1100
1359
0155
0020
1905
1437
2052
0029
0430
1329
1426
1756
0761
0024
0843
1306
2447
0953
1213
1951
2412
0513
1019
1391
2140
1677
1743
1065
0215
1717
1093
1738
2320
0033
1135
1083
1698
1054
0633
0550
0021
1851
2205
0898
1493
1280
1155
1578
2433
2242
1967
1331
0342
1102
0449
0398
2454
1680
0084
2064
1200
1028
0333
1415
0655
2076
2353
0133
1827
0426
1464
0068
0130
1313
0652
1302
0458
0750
0246
2471
1263
0999
1655
1177
2266
0671
1838
1724
1664
1646
2327
0659
0632
1487
2077
2437
2094
2070
0987
2462
1676
1191
0796
1709
0735
1388
1013
0904
1552
0078
0791
1770
2410
2000
2255
0064
2098
2333
0720
1138
2476
1316
1939
1908
0443
1963
0653
1287
2058
2497
0930
1566
2488
0120
1268
0559
1414
1326
0281
1372
0327
1539
0457
1894
2216
1222
0661
1788
1959
2154
1906
0610
1170
0489
0582
0149
0370
0974
1077
0042
2272
1606
2174
1423
0864
0932
0824
0534
2316
0612
0552
0250
0543
0171
1149
0346
0086
1823
1465
2025
2221
2195
1535
0719
0135
2306
1419
1592
1567
1183
1142
1888
0758
0308
0126
1812
2448
1343
2220
1914
1070
0765
1094
1480
1483
0580
0352
2409
1600
1900
1893
1761
1782
1154
0442
1244
2404
0636
2427
1704
1369
0606
2005
0906
0879
2252
0028
2066
0399
0601
1926
2280
1932
2033
1208
1538
1106
1662
0701
0085
1212
1349
0724
0382
1101
2305
0756
0937
0556
1494
1002
1124
0687
0272
2285
0868
1748
1846
0859
2093
1575
0660
2210
2347
1922
1069
2270
1739
1314
0018
0623
0925
2230
0363
0702
2281
0101
1917
2455
2142
1252
1081
1320
0688
0986
0334
2037
0162
2059
1511
1116
0517
0093
1687
1811
0287
1590
0670
1957
1257
0893
0996
1074
0642
0247
2248
1297
1772
1983
1553
0497
0405
2461
1484
2003
2394
0116
0353
2147
2191
0767
0581
1921
2032
2180
1777
1405
1434
2397
2238
2489
0519
0313
1729
0481
2416
1515
0936
0488
2108
1618
2019
1813
1780
1164
1793
2383
0463
2083
1506
2211
1378
2045
2225
1350
1433
2109
1223
1857
1889
0204
0002
1784
0780
1591
0717
2247
2289
2222
1073
0205
2299
2185
1852
0775
1956
2271
0097
0074
0808
0673
1505
1875
0752
0410
1536
1486
2370
0253
1767
2170
1899
1920
1282
0918
2290
1250
1693
1762
0784
2200
1131
0160
0771
0785
0544
1088
2303
0956
0229
1035
0905
0166
0035
1710
1377
0104
0224
1382
0503
0838
1749
1130
0455
1451
0875
1204
0210
1333
1118
0637
2135
1891
1626
0561
1243
2228
0908
0722
2009
0628
0667
1927
0981
0178
2099
0746
1694
1842
0686
2053
0372
1007
1264
1014
0412
